X1	X2	TARGET	Y1	
-1.500000	-0.300000	+0.100000	+0.099054	
+0.800000	+1.600000	+0.100000	+0.101899	
+0.900000	+2.200000	+0.100000	+0.101856	
+1.600000	-1.300000	+0.100000	+0.103889	
+1.400000	+1.000000	+0.100000	+0.069274	
+0.900000	+1.700000	+0.100000	+0.101969	
-2.600000	+0.400000	+0.100000	+0.098494	
-2.200000	+0.400000	+0.100000	+0.098709	
+0.300000	-1.500000	+0.100000	+0.101228	
-1.300000	-1.700000	+0.100000	+0.099208	
-1.200000	-2.500000	+0.100000	+0.099294	
-0.800000	+0.900000	+0.900000	+0.897100	
+2.300000	-1.900000	+0.100000	+0.104023	
-0.400000	-2.800000	+0.100000	+0.099576	
+1.900000	-1.100000	+0.100000	+0.020473	
+0.900000	-2.800000	+0.100000	+0.102122	
-1.800000	-0.900000	+0.100000	+0.098949	
+2.700000	-2.600000	+0.100000	+0.104439	
-1.100000	-1.900000	+0.100000	+0.099311	
+1.800000	-2.800000	+0.100000	+0.105098	
-1.900000	+1.300000	+0.100000	+0.098747	
+2.800000	+0.100000	+0.100000	+0.103747	
-1.900000	-0.300000	+0.100000	+0.098912	
+1.500000	+0.300000	+0.100000	+0.102852	
+0.600000	+2.100000	+0.100000	+0.101394	
+2.700000	-1.500000	+0.100000	+0.104076	
+1.900000	-1.100000	+0.100000	+0.089103	
-0.100000	-0.100000	+0.900000	+0.899598	
+1.000000	-2.700000	+0.100000	+0.104270	
-2.200000	-2.300000	+0.100000	+0.098808	
-0.700000	+1.400000	+0.100000	+0.099095	
-1.200000	+0.300000	+0.100000	+0.099118	
+1.700000	+1.100000	+0.100000	+0.102666	
-0.600000	-0.700000	+0.100000	+0.099413	
+0.400000	-0.400000	+0.900000	+0.900736	
-2.700000	-0.600000	+0.100000	+0.098489	
-0.300000	+2.900000	+0.100000	+0.098874	
-0.600000	-1.500000	+0.100000	+0.099472	
-2.300000	+0.900000	+0.100000	+0.098609	
+1.900000	+2.300000	+0.100000	+0.101845	
+2.800000	-2.300000	+0.100000	+0.104332	
+0.000000	-2.500000	+0.100000	+0.100000	
+0.800000	+0.800000	+0.900000	+0.900711	
+1.300000	-1.300000	+0.100000	+0.057148	
+1.700000	-0.400000	+0.100000	+0.103270	
+0.200000	+0.900000	+0.900000	+0.900448	
+2.500000	-1.700000	+0.100000	+0.102912	
-1.600000	+0.900000	+0.100000	+0.098918	
+0.700000	+1.400000	+0.100000	+0.099061	
+0.600000	-2.000000	+0.100000	+0.102674	
+1.800000	-0.300000	+0.100000	+0.103259	
-0.500000	-2.300000	+0.100000	+0.099533	
+1.000000	+2.000000	+0.100000	+0.100378	
+1.100000	-3.000000	+0.100000	+0.104582	
-2.500000	-0.400000	+0.100000	+0.098595	
-0.100000	+1.100000	+0.900000	+0.899631	
-2.400000	-2.600000	+0.100000	+0.098645	
+0.600000	-2.300000	+0.100000	+0.102600	
+2.200000	-0.400000	+0.100000	+0.103476	
-2.400000	+2.100000	+0.100000	+0.098342	
-0.300000	+2.900000	+0.100000	+0.098874	
+0.900000	-1.300000	+0.100000	+0.078267	
+1.900000	-0.500000	+0.100000	+0.099869	
+2.700000	+0.800000	+0.100000	+0.103502	
-2.100000	-1.800000	+0.100000	+0.098814	
-2.000000	-2.800000	+0.100000	+0.098893	
-2.400000	+0.300000	+0.100000	+0.098645	
-0.500000	-0.900000	+0.100000	+0.099443	
+2.700000	-2.700000	+0.100000	+0.049604	
+2.700000	+0.700000	+0.100000	+0.103526	
-1.800000	+0.700000	+0.100000	+0.098864	
-1.600000	+1.400000	+0.100000	+0.098853	
-1.800000	+2.300000	+0.100000	+0.098569	
+2.500000	+2.500000	+0.100000	+0.101470	
+0.300000	-1.400000	+0.100000	+0.101261	
-2.600000	+2.500000	+0.100000	+0.098113	
+0.500000	-1.600000	+0.100000	+0.102246	
-0.800000	+1.200000	+0.100000	+0.099112	
-0.600000	-1.400000	+0.100000	+0.099466	
-0.200000	+2.600000	+0.100000	+0.099214	
-1.800000	+2.600000	+0.100000	+0.098475	
+1.800000	-1.100000	+0.100000	+0.103727	
-2.600000	-0.200000	+0.100000	+0.098534	
-2.800000	-1.300000	+0.100000	+0.098432	
+1.700000	+0.800000	+0.100000	+0.102754	
+2.600000	-0.900000	+0.100000	+0.103858	
+1.500000	-1.500000	+0.100000	+0.104062	
-2.800000	+0.100000	+0.100000	+0.098415	
+1.100000	-2.400000	+0.100000	+0.073566	
-1.500000	+1.400000	+0.100000	+0.098878	
+1.100000	+1.700000	+0.100000	+0.102141	
+2.600000	-2.200000	+0.100000	+0.104294	
-1.000000	+1.800000	+0.100000	+0.098926	
+0.900000	-1.200000	+0.100000	+0.103455	
+1.000000	+1.300000	+0.100000	+0.102196	
-1.000000	-2.000000	+0.100000	+0.099362	
-2.100000	-3.000000	+0.100000	+0.098828	
-1.400000	-2.500000	+0.100000	+0.099195	
+2.700000	-1.700000	+0.100000	+0.029909	
+2.800000	+1.600000	+0.100000	+0.103445	
-1.700000	+1.800000	+0.100000	+0.098736	
+2.400000	+1.300000	+0.100000	+0.101931	
-2.700000	-1.400000	+0.100000	+0.098487	
-0.700000	-1.200000	+0.100000	+0.099427	
+2.700000	+1.400000	+0.100000	+0.032198	
-1.400000	+0.300000	+0.100000	+0.099050	
+1.900000	-2.700000	+0.100000	+0.095043	
+2.000000	+0.500000	+0.100000	+0.013442	
-0.400000	+0.600000	+0.900000	+0.898287	
+1.000000	-0.900000	+0.100000	+0.102916	
+0.800000	-1.700000	+0.100000	+0.103462	
+1.700000	-1.400000	+0.100000	+0.103943	
-2.100000	-1.700000	+0.100000	+0.098813	
+0.200000	-1.400000	+0.100000	+0.100764	
-0.400000	+1.700000	+0.100000	+0.099081	
-1.800000	+0.700000	+0.100000	+0.098878	
+2.600000	-2.600000	+0.100000	+0.104461	
+2.900000	+2.200000	+0.100000	+0.103443	
-0.300000	+0.300000	+0.900000	+0.898719	
+2.500000	+0.300000	+0.100000	+0.103447	
+2.100000	+1.900000	+0.100000	+0.102792	
-2.000000	-1.500000	+0.100000	+0.098864	
+2.300000	+0.300000	+0.100000	+0.102220	
-0.100000	-0.600000	+0.900000	+0.899594	
-0.200000	+2.400000	+0.100000	+0.099241	
+0.200000	+2.000000	+0.100000	+0.100728	
+0.000000	+0.000000	+0.900000	+0.900000	
+0.100000	+2.800000	+0.100000	+0.100361	
+0.200000	-1.200000	+0.100000	+0.100783	
+0.000000	+0.900000	+0.900000	+0.900000	
+2.000000	+2.900000	+0.100000	+0.102610	
+1.800000	-1.200000	+0.100000	+0.103796	
+2.500000	+0.400000	+0.100000	+0.088194	
-2.700000	+0.200000	+0.100000	+0.098452	
-0.100000	+1.900000	+0.100000	+0.099615	
+2.200000	-3.000000	+0.100000	+0.104929	
-0.200000	+2.600000	+0.100000	+0.099214	
+0.700000	+0.400000	+0.900000	+0.900715	
-0.200000	-3.000000	+0.100000	+0.099706	
-0.300000	+1.700000	+0.100000	+0.099160	
-0.700000	-1.200000	+0.100000	+0.099427	
+0.000000	+1.600000	+0.100000	+0.100000	
+1.300000	+2.100000	+0.100000	+0.102170	
+0.900000	-0.700000	+0.100000	+0.103059	
-0.100000	-1.100000	+0.100000	+0.099749	
-2.100000	+2.600000	+0.100000	+0.098359	
-2.800000	+1.300000	+0.100000	+0.098248	
+1.600000	-1.800000	+0.100000	+0.104302	
-1.900000	+0.100000	+0.100000	+0.098869	
+1.600000	+2.100000	+0.100000	+0.102394	
+1.000000	-0.200000	+0.100000	+0.102844	
+2.200000	+0.400000	+0.100000	+0.103191	
+2.100000	+2.400000	+0.100000	+0.019065	
+1.100000	+1.200000	+0.100000	+0.102293	
+2.100000	+0.300000	+0.100000	+0.016632	
-2.700000	-1.000000	+0.100000	+0.098686	
+1.200000	+0.700000	+0.100000	+0.102539	
+1.400000	+0.800000	+0.100000	+0.102600	
-2.000000	-1.500000	+0.100000	+0.098863	
-0.800000	+2.300000	+0.100000	+0.098814	
+1.800000	+2.700000	+0.100000	+0.102466	
-1.000000	-0.900000	+0.100000	+0.099293	
+0.400000	+2.700000	+0.100000	+0.101087	
-2.800000	-0.500000	+0.100000	+0.098428	
+2.600000	-0.400000	+0.100000	+0.103709	
-2.100000	-2.200000	+0.100000	+0.098894	
-0.200000	+2.500000	+0.100000	+0.099227	
+1.100000	-3.000000	+0.100000	+0.104593	
-0.500000	+1.900000	+0.100000	+0.099001	
-0.300000	-1.600000	+0.100000	+0.099542	
+0.300000	-0.400000	+0.900000	+0.900680	
-2.500000	+1.200000	+0.100000	+0.098454	
+0.400000	-1.600000	+0.100000	+0.101745	
+1.500000	-3.000000	+0.100000	+0.105325	
+0.100000	+0.800000	+0.900000	+0.900278	
+2.000000	+0.400000	+0.100000	+0.100857	
+0.000000	+0.900000	+0.900000	+0.900000	
-0.900000	-1.900000	+0.100000	+0.099400	
-1.700000	-0.600000	+0.100000	+0.098985	
-2.200000	-2.700000	+0.100000	+0.098764	
-2.500000	-2.700000	+0.100000	+0.098585	
+1.200000	+2.300000	+0.100000	+0.022760	
+0.900000	+2.700000	+0.100000	+0.101730	
+2.000000	-0.400000	+0.100000	+0.103232	
-2.100000	-1.800000	+0.100000	+0.098814	
-2.500000	-2.300000	+0.100000	+0.098587	
+2.500000	-0.900000	+0.100000	+0.103809	
-2.100000	-1.600000	+0.100000	+0.098812	
-0.400000	+0.800000	+0.900000	+0.898399	
+1.900000	-1.000000	+0.100000	+0.103658	
-2.500000	-2.600000	+0.100000	+0.098585	
-2.400000	-2.300000	+0.100000	+0.098647	
+0.500000	+2.300000	+0.100000	+0.101344	
-1.100000	-1.300000	+0.100000	+0.099277	
+0.600000	+2.700000	+0.100000	+0.101164	
-3.000000	+1.700000	+0.100000	+0.098024	
-2.800000	+0.500000	+0.100000	+0.098362	
+2.000000	-1.400000	+0.100000	+0.103921	
+1.200000	+1.600000	+0.100000	+0.102222	
-1.900000	-0.200000	+0.100000	+0.098883	
+1.100000	+0.900000	+0.100000	+0.102399	
+1.900000	-1.300000	+0.100000	+0.090697	
+1.800000	-1.700000	+0.100000	+0.104129	
-1.800000	-2.600000	+0.100000	+0.098988	
+1.700000	-0.300000	+0.100000	+0.103224	
-0.200000	-0.200000	+0.900000	+0.899167	
-1.000000	+0.800000	+0.900000	+0.914430	
-0.400000	-1.500000	+0.100000	+0.099501	
-1.600000	+1.800000	+0.100000	+0.098765	
+0.000000	+0.300000	+0.900000	+0.900000	
+2.800000	-0.300000	+0.100000	+0.103843	
-2.800000	-0.900000	+0.100000	+0.098433	
+1.100000	+1.100000	+0.100000	+0.102331	
+2.800000	-0.800000	+0.100000	+0.019998	
+1.400000	+2.000000	+0.100000	+0.021840	
-0.600000	+2.000000	+0.100000	+0.098956	
-2.000000	-0.700000	+0.100000	+0.098855	
+1.900000	+0.200000	+0.100000	+0.021165	
+1.500000	-0.700000	+0.100000	+0.103427	
-2.600000	-1.400000	+0.100000	+0.098544	
-2.200000	-3.000000	+0.100000	+0.098775	
-2.400000	-0.400000	+0.100000	+0.098652	
+1.900000	-2.700000	+0.100000	+0.104940	
-0.400000	+0.200000	+0.900000	+0.898365	
+1.000000	-1.500000	+0.100000	+0.103813	
-2.800000	+1.100000	+0.100000	+0.098279	
+2.900000	+0.400000	+0.100000	+0.103779	
+0.400000	-2.100000	+0.100000	+0.101576	
+2.100000	+2.700000	+0.100000	+0.038163	
+0.700000	+2.100000	+0.100000	+0.075856	
-1.900000	-2.800000	+0.100000	+0.098936	
-0.100000	+0.500000	+0.900000	+0.899607	
-1.200000	+0.900000	+0.100000	+0.099048	
-0.300000	-0.600000	+0.900000	+0.898832	
+0.400000	+0.400000	+0.900000	+0.900634	
-1.200000	+1.200000	+0.100000	+0.099008	
-2.000000	+1.200000	+0.100000	+0.098716	
-0.700000	-1.800000	+0.100000	+0.099467	
-1.800000	-1.000000	+0.100000	+0.098953	
-0.800000	-2.200000	+0.100000	+0.099455	
-2.900000	-1.200000	+0.100000	+0.098373	
-0.300000	-2.000000	+0.100000	+0.099569	
+1.500000	+2.900000	+0.100000	+0.102088	
-3.000000	-1.500000	+0.100000	+0.098308	
+0.100000	+1.300000	+0.100000	+0.100402	
+0.400000	+0.800000	+0.900000	+0.900592	
-1.100000	-1.700000	+0.100000	+0.099306	
+0.000000	-0.100000	+0.900000	+0.900000	
-0.100000	-1.100000	+0.100000	+0.099749	
-2.900000	-2.100000	+0.100000	+0.098352	
+1.200000	-0.800000	+0.100000	+0.094262	
-2.000000	-2.900000	+0.100000	+0.098882	
-0.100000	-0.700000	+0.900000	+0.899594	
+2.900000	-3.000000	+0.100000	+0.104550	
-2.600000	+0.600000	+0.100000	+0.098473	
+1.200000	-1.700000	+0.100000	+0.103305	
+0.200000	-2.500000	+0.100000	+0.100605	
-2.800000	-2.600000	+0.100000	+0.098574	
-1.600000	+2.300000	+0.100000	+0.098632	
+2.700000	+2.400000	+0.100000	+0.103247	
-1.100000	-2.200000	+0.100000	+0.099327	
+0.100000	-2.900000	+0.100000	+0.100242	
+1.100000	-2.600000	+0.100000	+0.104557	
-1.900000	+2.400000	+0.100000	+0.098502	
-1.200000	-1.800000	+0.100000	+0.099260	
-2.100000	+2.400000	+0.100000	+0.098416	
-0.500000	-1.000000	+0.100000	+0.099451	
+1.500000	+0.500000	+0.100000	+0.102764	
+1.800000	-2.800000	+0.100000	+0.105097	
+1.200000	-1.600000	+0.100000	+0.104095	
-1.200000	-0.700000	+0.100000	+0.099197	
+2.000000	+1.100000	+0.100000	+0.052686	
+2.700000	-0.100000	+0.100000	+0.103720	
-0.500000	+0.500000	+0.900000	+0.898092	
+1.200000	-0.200000	+0.100000	+0.103007	
+1.700000	+2.500000	+0.100000	+0.017190	
+0.900000	-1.900000	+0.100000	+0.103576	
+2.900000	-1.600000	+0.100000	+0.048365	
+1.500000	-2.400000	+0.100000	+0.104861	
+0.600000	-2.700000	+0.100000	+0.102444	
-1.600000	+1.100000	+0.100000	+0.098891	
-2.000000	+1.000000	+0.100000	+0.098743	
-1.300000	+2.800000	+0.100000	+0.098511	
+1.500000	+0.800000	+0.100000	+0.102653	
+2.600000	+2.900000	+0.100000	+0.103130	
-2.500000	-1.000000	+0.100000	+0.098599	
-0.500000	+1.500000	+0.100000	+0.099105	
+0.800000	-2.200000	+0.100000	+0.099384	
-2.500000	-1.300000	+0.100000	+0.098614	
+2.300000	+0.100000	+0.100000	+0.089868	
-1.600000	-0.200000	+0.100000	+0.099009	
-0.600000	+1.600000	+0.100000	+0.099068	
-1.400000	+1.100000	+0.100000	+0.098958	
+2.300000	-0.400000	+0.100000	+0.103528	
-2.400000	-0.700000	+0.100000	+0.098652	
-2.100000	-1.100000	+0.100000	+0.098808	
-1.800000	-0.800000	+0.100000	+0.098946	
+1.800000	-1.100000	+0.100000	+0.103701	
+0.500000	+2.900000	+0.100000	+0.101197	
+1.000000	+0.100000	+0.900000	+0.900866	
+1.000000	-2.000000	+0.100000	+0.104107	
-2.000000	-2.900000	+0.100000	+0.098881	
+0.000000	+0.900000	+0.900000	+0.900000	
+0.100000	-2.200000	+0.100000	+0.100283	
-3.000000	-2.800000	+0.100000	+0.098349	
-0.800000	+0.900000	+0.900000	+0.897099	
-2.000000	-2.800000	+0.100000	+0.098879	
-2.800000	-1.500000	+0.100000	+0.098426	
+0.000000	-1.300000	+0.100000	+0.100000	
-1.900000	-0.100000	+0.100000	+0.098878	
-1.400000	-1.500000	+0.100000	+0.099153	
+1.700000	-0.600000	+0.100000	+0.026482	
+2.300000	-1.000000	+0.100000	+0.085063	
+0.100000	-0.300000	+0.900000	+0.900325	
+2.800000	+0.200000	+0.100000	+0.103730	
+0.600000	+1.100000	+0.900000	+0.900613	
-2.900000	-1.000000	+0.100000	+0.098374	
+1.600000	-1.400000	+0.100000	+0.103854	
-0.500000	+1.800000	+0.100000	+0.099029	
-1.100000	-2.200000	+0.100000	+0.099343	
+1.900000	-2.800000	+0.100000	+0.104994	
-1.300000	+0.200000	+0.100000	+0.099093	
-0.100000	-0.500000	+0.900000	+0.899594	
+2.100000	-0.400000	+0.100000	+0.103406	
-1.400000	-1.100000	+0.100000	+0.099135	
+1.000000	-1.500000	+0.100000	+0.103814	
-1.700000	-1.100000	+0.100000	+0.099001	
+2.200000	-1.400000	+0.100000	+0.103900	
-1.300000	+0.400000	+0.100000	+0.099075	
-2.000000	+0.200000	+0.100000	+0.098817	
+2.600000	-1.500000	+0.100000	+0.055082	
+1.700000	-1.600000	+0.100000	+0.103963	
+2.000000	-2.500000	+0.100000	+0.091415	
+2.000000	+1.200000	+0.100000	+0.102841	
-2.100000	+1.800000	+0.100000	+0.098563	
+2.100000	-1.500000	+0.100000	+0.103977	
+0.300000	-0.600000	+0.900000	+0.900707	
-0.600000	-1.200000	+0.100000	+0.099451	
-2.200000	-1.200000	+0.100000	+0.098758	
-0.800000	+0.400000	+0.900000	+0.938898	
-1.600000	-2.300000	+0.100000	+0.099086	
-0.600000	+2.500000	+0.100000	+0.098777	
-0.700000	+1.200000	+0.900000	+0.897262	
+0.800000	-1.800000	+0.100000	+0.103481	
+2.900000	+2.600000	+0.100000	+0.103419	
-0.600000	-0.100000	+0.900000	+0.898136	
-1.300000	+2.100000	+0.100000	+0.098770	
-0.200000	-0.200000	+0.900000	+0.899167	
-1.000000	+1.700000	+0.100000	+0.098956	
-0.600000	+0.100000	+0.900000	+0.897874	
+0.900000	+2.600000	+0.100000	+0.101755	
+2.200000	-0.400000	+0.100000	+0.103476	
+0.200000	-0.900000	+0.100000	+0.100815	
+0.300000	-1.700000	+0.100000	+0.101133	
+2.400000	-0.300000	+0.100000	+0.103557	
+0.400000	-0.100000	+0.900000	+0.900694	
-0.400000	+1.200000	+0.900000	+0.898209	
-0.300000	-2.400000	+0.100000	+0.099594	
+2.400000	+0.200000	+0.100000	+0.099635	
-0.300000	+1.800000	+0.100000	+0.099139	
-1.000000	-2.300000	+0.100000	+0.099378	
-2.000000	+1.000000	+0.100000	+0.098744	
-0.800000	-1.000000	+0.100000	+0.099378	
-1.600000	+1.800000	+0.100000	+0.098765	
-1.100000	+0.600000	+0.900000	+0.897011	
+0.400000	-1.900000	+0.100000	+0.101681	
-1.600000	-0.300000	+0.100000	+0.099015	
-1.400000	-0.500000	+0.100000	+0.099105	
+1.100000	-1.500000	+0.100000	+0.103923	
+0.900000	-1.300000	+0.100000	+0.103511	
+2.600000	-0.800000	+0.100000	+0.103239	
-1.300000	+2.300000	+0.100000	+0.098707	
-1.300000	+2.500000	+0.100000	+0.098637	
+2.300000	+2.200000	+0.100000	+0.015755	
-1.100000	+0.000000	+0.100000	+0.099188	
+1.900000	-1.800000	+0.100000	+0.104006	
+2.900000	-0.800000	+0.100000	+0.104016	
-2.500000	+2.100000	+0.100000	+0.098276	
+0.500000	-1.500000	+0.100000	+0.102253	
-0.700000	-0.400000	+0.900000	+0.899769	
-1.200000	+1.300000	+0.100000	+0.098984	
-0.700000	+1.500000	+0.100000	+0.099077	
+1.600000	-1.300000	+0.100000	+0.103560	
-2.500000	+2.100000	+0.100000	+0.098276	
+1.000000	-2.900000	+0.100000	+0.104248	
-0.100000	-2.500000	+0.100000	+0.099807	
-1.700000	+0.100000	+0.100000	+0.098951	
+0.800000	-0.300000	+0.900000	+0.900840	
-2.000000	-0.400000	+0.100000	+0.098844	
+2.500000	-1.300000	+0.100000	+0.103947	
+2.700000	-0.700000	+0.100000	+0.103857	
-1.600000	-0.200000	+0.100000	+0.099008	
-1.700000	-2.100000	+0.100000	+0.099027	
-0.500000	+0.500000	+0.900000	+0.898001	
-1.900000	-0.700000	+0.100000	+0.098899	
+0.000000	-2.400000	+0.100000	+0.100000	
-1.200000	+1.100000	+0.100000	+0.099022	
-1.200000	+2.400000	+0.100000	+0.098692	
+1.100000	+0.100000	+0.100000	+0.102779	
-0.800000	-2.400000	+0.100000	+0.099465	
+0.800000	+2.500000	+0.100000	+0.101681	
-2.900000	-1.500000	+0.100000	+0.098472	
+1.200000	+1.400000	+0.100000	+0.102290	
+0.300000	-0.800000	+0.100000	+0.101312	
+2.100000	+1.000000	+0.100000	+0.102963	
+2.100000	+2.300000	+0.100000	+0.102748	
+0.400000	+0.100000	+0.900000	+0.900669	
-1.000000	-1.900000	+0.100000	+0.099357	
-2.900000	-1.400000	+0.100000	+0.098369	
+2.400000	-0.700000	+0.100000	+0.103693	
-0.700000	+1.000000	+0.900000	+0.897236	
-2.300000	+1.400000	+0.100000	+0.098534	
+0.800000	-0.100000	+0.900000	+0.900813	
-0.500000	+0.500000	+0.900000	+0.897972	
-1.300000	-1.000000	+0.100000	+0.099173	
-1.600000	-0.600000	+0.100000	+0.099027	
-2.700000	-1.200000	+0.100000	+0.098492	
-0.400000	-1.700000	+0.100000	+0.099515	
+2.800000	-1.900000	+0.100000	+0.100035	
-2.000000	+2.600000	+0.100000	+0.098401	
+0.600000	-1.800000	+0.100000	+0.102700	
+1.600000	-0.200000	+0.100000	+0.103137	
-0.700000	-1.600000	+0.100000	+0.099457	
+0.000000	-2.000000	+0.100000	+0.100000	
+2.200000	-3.000000	+0.100000	+0.104938	
+1.900000	+1.100000	+0.100000	+0.102580	
-2.800000	-0.300000	+0.100000	+0.098435	
+2.800000	+1.700000	+0.100000	+0.016388	
+0.100000	-1.900000	+0.100000	+0.100303	
-2.700000	-2.800000	+0.100000	+0.098460	
+2.400000	-0.200000	+0.100000	+0.103528	
+0.900000	+2.000000	+0.100000	+0.101329	
-0.800000	+2.700000	+0.100000	+0.098646	
+1.800000	-1.800000	+0.100000	+0.104238	
+2.400000	+0.200000	+0.100000	+0.073463	
+1.100000	-2.700000	+0.100000	+0.090136	
-2.000000	+1.200000	+0.100000	+0.098754	
-1.300000	-1.300000	+0.100000	+0.099189	
-0.800000	+1.100000	+0.900000	+0.896974	
+1.400000	+1.500000	+0.100000	+0.078864	
+1.100000	+0.200000	+0.100000	+0.102722	
-1.400000	-0.300000	+0.100000	+0.099093	
-2.100000	-1.100000	+0.100000	+0.098810	
+0.500000	+1.900000	+0.100000	+0.101447	
+1.400000	-0.300000	+0.100000	+0.103139	
+1.000000	+0.900000	+0.900000	+0.900792	
+2.700000	+2.500000	+0.100000	+0.102872	
-3.000000	-2.200000	+0.100000	+0.098447	
-0.600000	-2.200000	+0.100000	+0.099512	
-1.900000	-3.000000	+0.100000	+0.098945	
-2.800000	+0.300000	+0.100000	+0.098382	
-1.600000	+0.600000	+0.100000	+0.098951	
-1.300000	+0.500000	+0.100000	+0.099067	
+2.000000	+0.700000	+0.100000	+0.102970	
+2.100000	+1.300000	+0.100000	+0.102894	
+0.400000	-1.000000	+0.100000	+0.101788	
-2.100000	+2.700000	+0.100000	+0.098326	
-1.400000	+0.400000	+0.100000	+0.099041	
+2.500000	+0.200000	+0.100000	+0.103481	
+2.000000	-3.000000	+0.100000	+0.089827	
-1.200000	-2.000000	+0.100000	+0.099271	
+1.400000	+0.600000	+0.100000	+0.102676	
+2.800000	-2.400000	+0.100000	+0.104364	
+0.700000	+2.800000	+0.100000	+0.052250	
-1.400000	-2.700000	+0.100000	+0.099205	
+2.400000	+1.800000	+0.100000	+0.103054	
+0.300000	-1.800000	+0.100000	+0.101188	
-1.300000	-2.300000	+0.100000	+0.099236	
+1.400000	-2.000000	+0.100000	+0.104506	
+0.800000	-0.200000	+0.900000	+0.900826	
+2.700000	-2.900000	+0.100000	+0.072075	
+1.300000	+2.100000	+0.100000	+0.102188	
-0.600000	+2.700000	+0.100000	+0.098691	
-0.800000	+2.400000	+0.100000	+0.098776	
+0.300000	-2.300000	+0.100000	+0.101073	
+1.000000	-1.800000	+0.100000	+0.104001	
-2.500000	-1.500000	+0.100000	+0.098693	
+1.300000	+1.300000	+0.100000	+0.084538	
-1.400000	+0.200000	+0.100000	+0.099059	
+0.800000	+2.600000	+0.100000	+0.051283	
-2.300000	-0.700000	+0.100000	+0.098704	
-1.800000	+2.300000	+0.100000	+0.098568	
-2.600000	-1.700000	+0.100000	+0.098544	
-2.300000	-2.600000	+0.100000	+0.098704	
-2.600000	-1.500000	+0.100000	+0.098541	
+0.400000	+1.200000	+0.900000	+0.900557	
-0.900000	-1.600000	+0.100000	+0.099381	
-0.500000	-2.100000	+0.100000	+0.099523	
-2.100000	-2.000000	+0.100000	+0.098814	
+1.000000	+1.700000	+0.100000	+0.102074	
+2.500000	+2.100000	+0.100000	+0.102546	
+1.700000	-1.500000	+0.100000	+0.042656	
-0.600000	-1.600000	+0.100000	+0.099479	
-1.700000	+1.600000	+0.100000	+0.098772	
+1.300000	-2.000000	+0.100000	+0.104455	
+1.700000	-1.300000	+0.100000	+0.103858	
-0.600000	+0.100000	+0.900000	+0.897912	
-0.800000	+1.800000	+0.100000	+0.098975	
+2.000000	-2.000000	+0.100000	+0.104301	
-2.000000	+1.300000	+0.100000	+0.098701	
+0.200000	+2.800000	+0.100000	+0.100651	
+2.700000	+2.500000	+0.100000	+0.100904	
+2.900000	-0.400000	+0.100000	+0.103940	
-0.600000	-2.600000	+0.100000	+0.099531	
+0.700000	-1.400000	+0.100000	+0.103052	
-0.200000	+1.100000	+0.900000	+0.899175	
+1.000000	-0.600000	+0.100000	+0.103148	
-1.400000	-3.000000	+0.100000	+0.099215	
-1.100000	-3.000000	+0.100000	+0.099366	
+2.800000	-0.300000	+0.100000	+0.101436	
+1.500000	-1.900000	+0.100000	+0.094280	
-1.800000	+2.800000	+0.100000	+0.098405	
-2.600000	-0.600000	+0.100000	+0.098545	
-2.900000	+2.500000	+0.100000	+0.097911	
+1.800000	-1.700000	+0.100000	+0.104149	
+2.900000	+2.900000	+0.100000	+0.099091	
+1.500000	+2.600000	+0.100000	+0.102231	
+1.600000	+1.200000	+0.100000	+0.102338	
+0.400000	-2.500000	+0.100000	+0.101472	
+0.400000	+2.400000	+0.100000	+0.101149	
+0.500000	-2.500000	+0.100000	+0.102009	
+0.300000	+2.500000	+0.100000	+0.100928	
-2.900000	-1.600000	+0.100000	+0.098640	
-3.000000	+1.200000	+0.100000	+0.098126	
-2.300000	-0.200000	+0.100000	+0.098694	
+0.400000	+2.000000	+0.100000	+0.101136	
-0.700000	-1.100000	+0.100000	+0.099428	
-0.100000	+2.900000	+0.100000	+0.099584	
+2.500000	+2.700000	+0.100000	+0.103044	
-0.900000	-1.600000	+0.100000	+0.099384	
-2.000000	+0.700000	+0.100000	+0.098779	
+2.500000	+1.500000	+0.100000	+0.102323	
-2.700000	+0.200000	+0.100000	+0.098457	
+0.100000	-2.200000	+0.100000	+0.100283	
+0.000000	+2.600000	+0.100000	+0.100001	
-2.600000	-2.600000	+0.100000	+0.098526	
+0.600000	-2.300000	+0.100000	+0.102598	
-1.900000	-2.000000	+0.100000	+0.099011	
-0.500000	+2.000000	+0.100000	+0.098972	
-2.100000	+1.200000	+0.100000	+0.098672	
+2.600000	-2.000000	+0.100000	+0.104214	
+1.600000	-0.500000	+0.100000	+0.103312	
-2.200000	-2.000000	+0.100000	+0.098760	
-0.400000	-3.000000	+0.100000	+0.099586	
+2.600000	+2.400000	+0.100000	+0.009876	
-2.400000	+0.100000	+0.100000	+0.098628	
+2.500000	-1.100000	+0.100000	+0.103872	
+1.400000	+1.900000	+0.100000	+0.102152	
-1.700000	-2.700000	+0.100000	+0.099045	
-1.900000	-0.500000	+0.100000	+0.098894	
-0.100000	+2.000000	+0.100000	+0.099611	
-2.400000	+1.500000	+0.100000	+0.098463	
+0.100000	+2.400000	+0.100000	+0.100379	
+2.300000	-0.800000	+0.100000	+0.103678	
-2.100000	-2.700000	+0.100000	+0.098823	
+2.300000	-2.200000	+0.100000	+0.104341	
-0.900000	+1.300000	+0.100000	+0.099067	
+0.200000	+2.900000	+0.100000	+0.100640	
-2.400000	-1.300000	+0.100000	+0.098655	
+0.200000	+0.700000	+0.900000	+0.900462	
+2.200000	+2.100000	+0.100000	+0.102846	
+2.300000	+1.400000	+0.100000	+0.102911	
+1.300000	+2.700000	+0.100000	+0.102072	
-2.600000	+0.900000	+0.100000	+0.098515	
+0.100000	+1.800000	+0.100000	+0.100396	
+0.000000	-0.900000	+0.900000	+0.900000	
+2.600000	-0.200000	+0.100000	+0.103663	
+1.800000	+2.100000	+0.100000	+0.101763	
+1.900000	-0.600000	+0.100000	+0.103444	
-0.100000	-1.900000	+0.100000	+0.099783	
+2.200000	-2.000000	+0.100000	+0.104253	
-0.800000	+1.000000	+0.900000	+0.897205	
-0.300000	-1.200000	+0.100000	+0.099513	
+1.500000	-0.300000	+0.100000	+0.103166	
-2.500000	+1.700000	+0.100000	+0.098371	
-0.500000	-1.700000	+0.100000	+0.099501	
-2.000000	-2.500000	+0.100000	+0.098883	
-1.400000	-2.300000	+0.100000	+0.099187	
-1.500000	-1.200000	+0.100000	+0.099096	
+0.300000	-0.700000	+0.900000	+0.900721	
-2.400000	-0.300000	+0.100000	+0.098645	
-0.200000	+1.400000	+0.100000	+0.099373	
+2.400000	-2.600000	+0.100000	+0.067733	
-0.700000	-3.000000	+0.100000	+0.099524	
+1.200000	+2.100000	+0.100000	+0.101295	
+0.000000	+2.300000	+0.100000	+0.100001	
-1.900000	-1.200000	+0.100000	+0.098927	
+2.400000	-1.300000	+0.100000	+0.103912	
-2.000000	+2.500000	+0.100000	+0.098432	
-1.200000	-0.800000	+0.100000	+0.099210	
-2.800000	+1.400000	+0.100000	+0.098229	
-2.300000	+1.500000	+0.100000	+0.098522	
+0.900000	+1.300000	+0.100000	+0.097399	
-2.100000	-2.400000	+0.100000	+0.098822	
+0.100000	+0.100000	+0.900000	+0.900308	
-1.700000	-1.000000	+0.100000	+0.098999	
-1.200000	-3.000000	+0.100000	+0.099318	
+2.700000	-1.600000	+0.100000	+0.103824	
+1.400000	+2.200000	+0.100000	+0.062522	
-1.700000	+2.700000	+0.100000	+0.098471	
+1.100000	+1.600000	+0.100000	+0.102172	
+2.200000	+2.100000	+0.100000	+0.102708	
+1.900000	+0.900000	+0.100000	+0.100103	
+1.000000	-1.300000	+0.100000	+0.101948	
-0.100000	+0.500000	+0.900000	+0.899608	
-1.300000	-2.200000	+0.100000	+0.099242	
+2.700000	-2.500000	+0.100000	+0.027667	
-0.600000	-0.100000	+0.900000	+0.897957	
+1.200000	+2.800000	+0.100000	+0.101972	
+2.800000	+1.600000	+0.100000	+0.075161	
+0.000000	-2.800000	+0.100000	+0.100000	
+1.300000	-1.500000	+0.100000	+0.103430	
-2.000000	+1.800000	+0.100000	+0.098613	
-1.700000	+2.000000	+0.100000	+0.098686	
+1.100000	-2.600000	+0.100000	+0.091545	
+1.000000	+2.800000	+0.100000	+0.055210	
-2.700000	-2.000000	+0.100000	+0.098478	
-1.500000	+2.800000	+0.100000	+0.098490	
-1.900000	-2.900000	+0.100000	+0.098941	
-1.100000	-1.600000	+0.100000	+0.099296	
+0.200000	+2.700000	+0.100000	+0.100661	
+1.400000	-2.100000	+0.100000	+0.104586	
-2.500000	-0.500000	+0.100000	+0.098599	
-2.800000	+2.700000	+0.100000	+0.097924	
-1.000000	-1.800000	+0.100000	+0.099352	
-2.900000	-2.000000	+0.100000	+0.098358	
-2.900000	+1.200000	+0.100000	+0.098197	
-2.700000	+2.700000	+0.100000	+0.097993	
+0.100000	-0.800000	+0.900000	+0.900347	
-1.400000	+2.700000	+0.100000	+0.098540	
-1.100000	-1.600000	+0.100000	+0.099297	
-2.400000	-2.300000	+0.100000	+0.098826	
+0.900000	-1.600000	+0.100000	+0.103616	
+0.500000	-2.400000	+0.100000	+0.102045	
-0.100000	-2.900000	+0.100000	+0.099822	
+2.700000	-2.900000	+0.100000	+0.104554	
+0.200000	+0.300000	+0.900000	+0.900493	
+1.600000	-1.400000	+0.100000	+0.081653	
+0.100000	-1.000000	+0.100000	+0.100356	
-2.700000	+1.500000	+0.100000	+0.098279	
-3.000000	-0.300000	+0.100000	+0.098304	
+2.200000	-3.000000	+0.100000	+0.104925	
-0.600000	-1.100000	+0.100000	+0.099445	
-1.400000	+2.100000	+0.100000	+0.098749	
-0.900000	+0.400000	+0.900000	+0.897322	
-1.600000	-0.300000	+0.100000	+0.099016	
+0.800000	-0.600000	+0.100000	+0.102906	
-2.100000	+1.000000	+0.100000	+0.098700	
+1.200000	-1.600000	+0.100000	+0.104087	
+1.900000	+2.900000	+0.100000	+0.102444	
-2.000000	-0.800000	+0.100000	+0.098856	
-0.100000	+0.400000	+0.900000	+0.899605	
+0.300000	+1.300000	+0.100000	+0.101066	
+0.800000	-0.800000	+0.100000	+0.103025	
+0.400000	+2.900000	+0.100000	+0.101045	
-0.100000	-0.500000	+0.900000	+0.899595	
+2.600000	+1.700000	+0.100000	+0.008566	
+0.300000	+1.600000	+0.100000	+0.095293	
-0.900000	+1.200000	+0.100000	+0.099087	
-1.400000	+0.200000	+0.100000	+0.099061	
+0.000000	+2.300000	+0.100000	+0.100001	
-0.700000	-2.600000	+0.100000	+0.099510	
+1.300000	+0.300000	+0.100000	+0.102761	
-1.800000	-2.200000	+0.100000	+0.098980	
-2.300000	-1.200000	+0.100000	+0.098709	
+2.900000	-2.500000	+0.100000	+0.047403	
+0.100000	+2.600000	+0.100000	+0.100356	
-1.500000	+2.200000	+0.100000	+0.098693	
-2.400000	+0.200000	+0.100000	+0.098623	
+0.800000	-1.000000	+0.100000	+0.103138	
-1.500000	+1.500000	+0.100000	+0.098874	
+0.100000	-2.200000	+0.100000	+0.100282	
+1.500000	+0.400000	+0.100000	+0.097110	
-1.100000	+2.300000	+0.100000	+0.098752	
+0.500000	-2.800000	+0.100000	+0.101725	
-1.600000	-2.700000	+0.100000	+0.099100	
-0.900000	+0.400000	+0.900000	+0.973068	
-2.200000	+0.100000	+0.100000	+0.098732	
+0.800000	+0.000000	+0.900000	+0.900798	
-2.400000	-0.600000	+0.100000	+0.098659	
-1.100000	-0.700000	+0.100000	+0.099239	
-2.800000	+1.300000	+0.100000	+0.098251	
-2.700000	-1.400000	+0.100000	+0.098491	
+2.500000	-0.100000	+0.100000	+0.103550	
-1.000000	+2.900000	+0.100000	+0.098515	
-2.100000	-0.200000	+0.100000	+0.098796	
-0.900000	-1.200000	+0.100000	+0.099356	
-1.400000	+2.500000	+0.100000	+0.098629	
+1.500000	+2.000000	+0.100000	+0.102311	
-2.800000	+0.700000	+0.100000	+0.098342	
+1.400000	+1.700000	+0.100000	+0.102335	
-0.400000	-0.700000	+0.100000	+0.099439	
+1.000000	+1.500000	+0.100000	+0.102128	
+2.100000	-2.800000	+0.100000	+0.104852	
+0.000000	+1.600000	+0.100000	+0.100000	
-1.300000	+2.200000	+0.100000	+0.098743	
-0.500000	+2.200000	+0.100000	+0.098910	
-1.100000	+2.900000	+0.100000	+0.098496	
-1.500000	-2.900000	+0.100000	+0.099161	
-1.700000	+0.500000	+0.100000	+0.098925	
+1.200000	+1.900000	+0.100000	+0.102158	
-0.300000	-2.400000	+0.100000	+0.099595	
+2.700000	+0.400000	+0.100000	+0.012024	
+2.000000	+0.400000	+0.100000	+0.103056	
+1.000000	+0.000000	+0.100000	+0.102766	
+2.800000	+2.800000	+0.100000	+0.102726	
+1.100000	+2.800000	+0.100000	+0.029668	
+2.600000	-1.700000	+0.100000	+0.054963	
-3.000000	-0.700000	+0.100000	+0.098315	
+1.900000	+2.500000	+0.100000	+0.032079	
+0.600000	+1.100000	+0.900000	+0.900612	
+1.400000	+0.600000	+0.100000	+0.102672	
+2.400000	+0.800000	+0.100000	+0.103236	
+2.200000	+0.900000	+0.100000	+0.084522	
+2.000000	+2.900000	+0.100000	+0.081589	
+2.700000	+0.500000	+0.100000	+0.103559	
+1.100000	+1.800000	+0.100000	+0.102114	
-2.600000	-0.200000	+0.100000	+0.098536	
+0.900000	+2.400000	+0.100000	+0.101573	
+1.400000	+1.900000	+0.100000	+0.102291	
+2.700000	+2.900000	+0.100000	+0.103193	
-0.700000	+0.900000	+0.900000	+0.951651	
-0.500000	+0.400000	+0.900000	+0.898546	
-2.100000	-0.500000	+0.100000	+0.098837	
-1.800000	-2.300000	+0.100000	+0.098983	
+0.500000	-1.500000	+0.100000	+0.102248	
+2.900000	+1.300000	+0.100000	+0.088194	
-2.300000	+1.400000	+0.100000	+0.098540	
+2.800000	+1.300000	+0.100000	+0.011945	
-2.700000	+1.000000	+0.100000	+0.098367	
-0.900000	+0.900000	+0.900000	+0.896975	
+2.200000	-0.500000	+0.100000	+0.011803	
+2.700000	-2.400000	+0.100000	+0.104349	
-0.600000	-1.000000	+0.100000	+0.099439	
+2.800000	+2.300000	+0.100000	+0.103341	
-2.800000	-2.700000	+0.100000	+0.098482	
-0.500000	-3.000000	+0.100000	+0.099565	
-0.500000	-1.200000	+0.100000	+0.099468	
+1.500000	+2.900000	+0.100000	+0.101498	
-0.700000	-1.500000	+0.100000	+0.099451	
-2.900000	+0.300000	+0.100000	+0.098327	
+1.000000	+2.000000	+0.100000	+0.052583	
-1.400000	+0.700000	+0.100000	+0.099023	
-0.400000	-1.100000	+0.100000	+0.099473	
-0.600000	-0.500000	+0.900000	+0.898103	
-2.800000	-1.200000	+0.100000	+0.098436	
+0.600000	-0.300000	+0.900000	+0.900770	
+2.200000	+1.800000	+0.100000	+0.098151	
+2.300000	-2.700000	+0.100000	+0.104635	
-1.500000	+0.200000	+0.100000	+0.099025	
+0.500000	+0.200000	+0.900000	+0.900679	
-1.400000	+0.800000	+0.100000	+0.099002	
+1.400000	+1.500000	+0.100000	+0.102285	
+0.600000	-0.100000	+0.900000	+0.900742	
+1.400000	-2.100000	+0.100000	+0.104549	
-1.900000	+2.500000	+0.100000	+0.098476	
-0.800000	-2.900000	+0.100000	+0.099491	
+1.300000	-1.900000	+0.100000	+0.104385	
+0.500000	-0.800000	+0.100000	+0.102186	
-0.100000	+2.100000	+0.100000	+0.099607	
-0.900000	-0.200000	+0.100000	+0.099273	
-0.300000	-1.800000	+0.100000	+0.099557	
-2.800000	-0.400000	+0.100000	+0.098431	
+2.800000	+0.400000	+0.100000	+0.103672	
-0.900000	+0.300000	+0.900000	+0.897374	
-1.300000	+0.400000	+0.100000	+0.099078	
-2.500000	-2.400000	+0.100000	+0.098594	
-2.800000	+1.000000	+0.100000	+0.098308	
+1.500000	-0.700000	+0.100000	+0.103421	
-1.000000	-0.500000	+0.100000	+0.099266	
-2.300000	+2.300000	+0.100000	+0.098348	
+1.600000	-0.600000	+0.100000	+0.102469	
-1.800000	+2.600000	+0.100000	+0.098478	
+0.400000	+2.200000	+0.100000	+0.100837	
+0.500000	+0.900000	+0.900000	+0.900604	
-1.400000	+2.000000	+0.100000	+0.098777	
+1.000000	-2.800000	+0.100000	+0.104245	
-0.100000	-1.400000	+0.100000	+0.099763	
-2.600000	+1.900000	+0.100000	+0.098266	
-1.500000	-2.100000	+0.100000	+0.099132	
+2.100000	+0.000000	+0.100000	+0.103256	
+2.400000	+2.000000	+0.100000	+0.103015	
-0.900000	+2.900000	+0.100000	+0.098530	
+0.600000	+2.000000	+0.100000	+0.100425	
-2.600000	+0.600000	+0.100000	+0.098481	
-2.900000	-2.800000	+0.100000	+0.098340	
+0.300000	+2.400000	+0.100000	+0.100942	
+2.400000	+1.700000	+0.100000	+0.103056	
+0.000000	+2.300000	+0.100000	+0.100001	
+1.400000	-2.300000	+0.100000	+0.104748	
-0.200000	+2.100000	+0.100000	+0.099283	
-3.000000	+0.700000	+0.100000	+0.098209	
+2.000000	-2.100000	+0.100000	+0.104379	
+1.300000	+0.600000	+0.100000	+0.102622	
-2.500000	-2.000000	+0.100000	+0.098610	
+0.300000	+0.400000	+0.900000	+0.900588	
-0.600000	+0.800000	+0.900000	+0.897585	
-1.900000	+0.000000	+0.100000	+0.098877	
+1.600000	-2.300000	+0.100000	+0.104739	
+2.100000	-2.200000	+0.100000	+0.037366	
-2.800000	-0.700000	+0.100000	+0.098686	
-2.600000	-0.700000	+0.100000	+0.098549	
+2.100000	+0.300000	+0.100000	+0.100879	
-1.700000	+1.000000	+0.100000	+0.098887	
-1.300000	+2.700000	+0.100000	+0.098559	
-2.200000	-2.500000	+0.100000	+0.098765	
-1.500000	-2.000000	+0.100000	+0.099128	
+1.700000	-1.100000	+0.100000	+0.101181	
+0.800000	+0.300000	+0.900000	+0.900761	
+1.700000	-2.500000	+0.100000	+0.104874	
-1.200000	-1.400000	+0.100000	+0.099251	
-1.600000	-2.100000	+0.100000	+0.099082	
+1.300000	-1.900000	+0.100000	+0.104385	
+1.600000	+0.300000	+0.100000	+0.102883	
+1.900000	+2.100000	+0.100000	+0.102604	
-2.100000	+2.700000	+0.100000	+0.098330	
-1.100000	-2.500000	+0.100000	+0.099348	
-0.700000	-2.000000	+0.100000	+0.099479	
-0.100000	-1.700000	+0.100000	+0.099775	
-1.700000	-1.100000	+0.100000	+0.099004	
+2.300000	+0.800000	+0.100000	+0.103151	
+0.600000	+0.800000	+0.900000	+0.900639	
-1.800000	+2.600000	+0.100000	+0.098478	
+0.400000	-2.800000	+0.100000	+0.101367	
+1.500000	-1.400000	+0.100000	+0.055887	
-1.400000	-2.700000	+0.100000	+0.099205	
+1.200000	-1.800000	+0.100000	+0.075000	
-0.600000	+1.600000	+0.100000	+0.099070	
+1.500000	+0.500000	+0.100000	+0.102752	
+1.400000	+2.000000	+0.100000	+0.102270	
+2.000000	+0.000000	+0.100000	+0.103201	
+0.100000	+0.900000	+0.900000	+0.900273	
-2.000000	-1.000000	+0.100000	+0.098863	
-0.700000	+1.500000	+0.100000	+0.099075	
-0.400000	+2.400000	+0.100000	+0.098883	
+1.000000	-1.000000	+0.100000	+0.103443	
-1.700000	-0.300000	+0.100000	+0.098976	
-1.900000	-0.800000	+0.100000	+0.098906	
-1.600000	+1.600000	+0.100000	+0.098815	
+2.300000	-1.800000	+0.100000	+0.104118	
-1.900000	-0.200000	+0.100000	+0.098886	
+2.400000	-1.700000	+0.100000	+0.104055	
-0.400000	+1.000000	+0.900000	+0.898228	
-0.500000	-2.500000	+0.100000	+0.099544	
-1.300000	-2.900000	+0.100000	+0.099265	
+2.400000	+2.800000	+0.100000	+0.077494	
-1.800000	+2.600000	+0.100000	+0.098478	
+0.000000	-0.200000	+0.900000	+0.900000	
-0.200000	+1.700000	+0.100000	+0.099337	
+2.300000	+0.300000	+0.100000	+0.103288	
+0.100000	-1.400000	+0.100000	+0.100333	
-0.200000	+0.400000	+0.900000	+0.899154	
+2.000000	-0.500000	+0.100000	+0.103419	
+1.100000	-3.000000	+0.100000	+0.104583	
+2.800000	+0.900000	+0.100000	+0.027853	
+1.900000	+0.900000	+0.100000	+0.102767	
+0.900000	+2.300000	+0.100000	+0.025788	
-1.300000	+0.300000	+0.100000	+0.099087	
-0.500000	-1.200000	+0.100000	+0.099470	
-0.700000	+0.300000	+0.900000	+0.943739	
+1.500000	-2.800000	+0.100000	+0.105064	
-0.400000	-1.300000	+0.100000	+0.099488	
+0.500000	-2.000000	+0.100000	+0.102079	
+2.600000	-1.700000	+0.100000	+0.104099	
+1.000000	+2.800000	+0.100000	+0.093284	
+0.900000	+1.200000	+0.100000	+0.102139	
+1.700000	+0.200000	+0.100000	+0.102972	
+0.100000	-1.600000	+0.100000	+0.100320	
+1.300000	+2.800000	+0.100000	+0.102047	
-2.000000	+1.500000	+0.100000	+0.098700	
-0.600000	+2.100000	+0.100000	+0.098927	
-3.000000	+0.300000	+0.100000	+0.098257	
-0.800000	-2.900000	+0.100000	+0.099491	
+0.300000	-0.900000	+0.100000	+0.101305	
-2.200000	-1.600000	+0.100000	+0.098763	
+2.600000	-0.300000	+0.100000	+0.103680	
+1.900000	+1.500000	+0.100000	+0.016453	
-2.000000	-2.300000	+0.100000	+0.098875	
-0.200000	+2.100000	+0.100000	+0.099283	
+2.500000	+1.600000	+0.100000	+0.102861	
+2.100000	-1.600000	+0.100000	+0.100579	
+0.900000	-2.700000	+0.100000	+0.103875	
+2.900000	+1.500000	+0.100000	+0.103532	
+0.600000	+1.800000	+0.100000	+0.101627	
-0.100000	-0.500000	+0.900000	+0.899595	
+2.800000	+1.900000	+0.100000	+0.012175	
-1.900000	-2.700000	+0.100000	+0.098938	
+1.000000	-1.200000	+0.100000	+0.103588	
+2.100000	-0.400000	+0.100000	+0.033618	
-1.200000	-2.000000	+0.100000	+0.099276	
+1.300000	+2.100000	+0.100000	+0.102182	
-0.300000	-2.300000	+0.100000	+0.099589	
-2.800000	-0.800000	+0.100000	+0.098437	
+0.300000	+0.100000	+0.900000	+0.900619	
+2.100000	+0.100000	+0.100000	+0.103221	
-1.300000	+1.700000	+0.100000	+0.098880	
-0.500000	+0.000000	+0.900000	+0.898161	
+1.000000	+0.000000	+0.100000	+0.085764	
+0.000000	-0.700000	+0.900000	+0.900000	
+1.300000	+1.800000	+0.100000	+0.040230	
-0.300000	-2.400000	+0.100000	+0.099595	
-2.800000	-2.200000	+0.100000	+0.098417	
+0.100000	+2.400000	+0.100000	+0.100371	
-1.000000	+1.400000	+0.100000	+0.099022	
+1.700000	-0.300000	+0.100000	+0.103215	
+1.000000	+2.600000	+0.100000	+0.101841	
+1.100000	+2.700000	+0.100000	+0.101850	
-0.600000	-0.500000	+0.900000	+0.898105	
-1.400000	-1.200000	+0.100000	+0.099143	
+0.800000	-2.000000	+0.100000	+0.103518	
+2.900000	-0.700000	+0.100000	+0.103692	
-2.200000	-0.300000	+0.100000	+0.098888	
-0.100000	+1.600000	+0.100000	+0.099630	
+1.500000	-0.100000	+0.100000	+0.103042	
-2.900000	+0.500000	+0.100000	+0.098301	
-2.600000	+2.000000	+0.100000	+0.098243	
-1.200000	+2.400000	+0.100000	+0.098696	
+1.000000	-0.800000	+0.100000	+0.094701	
-2.100000	+2.200000	+0.100000	+0.098480	
+1.300000	+1.100000	+0.100000	+0.102437	
+2.300000	+2.300000	+0.100000	+0.102899	
+0.200000	+2.500000	+0.100000	+0.100304	
-1.500000	+0.600000	+0.100000	+0.098990	
-0.300000	-2.900000	+0.100000	+0.099624	
-1.600000	+1.700000	+0.100000	+0.098794	
+0.900000	-2.100000	+0.100000	+0.103151	
-2.500000	+0.800000	+0.100000	+0.098516	
-0.300000	-1.900000	+0.100000	+0.099564	
+1.800000	+1.700000	+0.100000	+0.102593	
+2.200000	-0.100000	+0.100000	+0.103332	
-1.400000	-1.000000	+0.100000	+0.099134	
+0.100000	+2.400000	+0.100000	+0.100365	
-1.200000	+0.200000	+0.100000	+0.099151	
-0.900000	-1.100000	+0.100000	+0.099351	
-0.100000	-1.300000	+0.100000	+0.099758	
-1.500000	+2.100000	+0.100000	+0.098723	
+0.800000	+2.800000	+0.100000	+0.101562	
-2.200000	+0.000000	+0.100000	+0.098746	
-3.000000	-2.100000	+0.100000	+0.098297	
-2.600000	+0.800000	+0.100000	+0.098459	
+1.500000	+1.000000	+0.100000	+0.102576	
-2.700000	+0.400000	+0.100000	+0.098438	
+1.500000	-2.200000	+0.100000	+0.104671	
+0.300000	+2.600000	+0.100000	+0.100902	
+1.100000	-2.600000	+0.100000	+0.104545	
-2.600000	+0.400000	+0.100000	+0.098497	
+2.800000	-1.200000	+0.100000	+0.103551	
+0.200000	+2.500000	+0.100000	+0.100681	
-0.400000	+1.800000	+0.100000	+0.099058	
-2.000000	-1.600000	+0.100000	+0.098868	
-1.200000	-2.000000	+0.100000	+0.099273	
+1.700000	+0.200000	+0.100000	+0.042578	
-2.500000	+2.600000	+0.100000	+0.098151	
-0.900000	+2.100000	+0.100000	+0.098864	
-1.700000	-2.800000	+0.100000	+0.099051	
-1.900000	+0.300000	+0.100000	+0.098859	
+0.700000	+1.200000	+0.900000	+0.900636	
-2.800000	+1.900000	+0.100000	+0.098129	
+2.800000	+2.400000	+0.100000	+0.103107	
-0.200000	+1.000000	+0.900000	+0.899170	
+1.100000	-2.900000	+0.100000	+0.104585	
+1.900000	+2.600000	+0.100000	+0.102548	
+1.700000	-1.200000	+0.100000	+0.103033	
+2.900000	+2.400000	+0.100000	+0.025518	
-2.800000	+2.900000	+0.100000	+0.097973	
+1.900000	-1.400000	+0.100000	+0.080705	
-2.500000	+0.900000	+0.100000	+0.098501	
+2.900000	-2.200000	+0.100000	+0.104305	
+1.700000	+2.100000	+0.100000	+0.102458	
-0.200000	+1.000000	+0.900000	+0.899170	
+1.900000	+0.400000	+0.100000	+0.102995	
-0.600000	+2.800000	+0.100000	+0.098647	
-1.800000	+0.900000	+0.100000	+0.098845	
-1.000000	-2.600000	+0.100000	+0.099397	
+1.000000	-2.800000	+0.100000	+0.104250	
+0.900000	+1.700000	+0.100000	+0.101988	
-0.300000	+1.300000	+0.100000	+0.099235	
+2.500000	-1.500000	+0.100000	+0.104005	
+2.600000	-1.500000	+0.100000	+0.015057	
-0.200000	-1.500000	+0.100000	+0.099617	
-1.000000	-0.700000	+0.100000	+0.099279	
+0.100000	+1.100000	+0.900000	+0.900264	
+1.900000	-2.400000	+0.100000	+0.104655	
+0.500000	+0.700000	+0.900000	+0.900623	
+2.200000	-0.400000	+0.100000	+0.013617	
+2.100000	+2.800000	+0.100000	+0.102692	
-1.300000	+2.000000	+0.100000	+0.098802	
+0.900000	-2.900000	+0.100000	+0.103819	
-2.900000	+1.200000	+0.100000	+0.098199	
-0.500000	-1.300000	+0.100000	+0.099478	
-2.600000	-1.500000	+0.100000	+0.098546	
-0.800000	-2.700000	+0.100000	+0.099481	
+1.400000	+2.700000	+0.100000	+0.102147	
+2.800000	-2.000000	+0.100000	+0.104236	
-2.900000	+2.300000	+0.100000	+0.097960	
-1.500000	-0.400000	+0.100000	+0.099062	
+0.300000	+2.900000	+0.100000	+0.100853	
-2.900000	-2.500000	+0.100000	+0.098345	
-1.900000	-1.700000	+0.100000	+0.098922	
+0.900000	+2.800000	+0.100000	+0.101700	
-2.700000	-0.500000	+0.100000	+0.098489	
+1.800000	-2.600000	+0.100000	+0.104908	
-0.900000	+0.200000	+0.900000	+0.897449	
+1.100000	-0.800000	+0.100000	+0.103366	
+0.800000	-1.500000	+0.100000	+0.103378	
+1.500000	-1.600000	+0.100000	+0.052073	
-2.800000	+0.400000	+0.100000	+0.098374	
-2.500000	-0.400000	+0.100000	+0.098597	
+2.900000	+2.900000	+0.100000	+0.103388	
-1.200000	-2.400000	+0.100000	+0.099291	
-1.200000	+1.100000	+0.100000	+0.099020	
+1.900000	+2.000000	+0.100000	+0.014697	
-3.000000	+1.400000	+0.100000	+0.098094	
+2.400000	-1.800000	+0.100000	+0.056240	
-1.600000	-1.100000	+0.100000	+0.099048	
+2.500000	+1.200000	+0.100000	+0.016146	
+1.100000	-1.800000	+0.100000	+0.104151	
+1.200000	-1.000000	+0.100000	+0.103587	
+1.800000	+0.500000	+0.100000	+0.013548	
+0.200000	+2.200000	+0.100000	+0.100711	
+2.200000	-2.700000	+0.100000	+0.104706	
+2.600000	-0.900000	+0.100000	+0.103853	
+2.700000	-2.500000	+0.100000	+0.103209	
-1.800000	-1.300000	+0.100000	+0.098965	
-0.500000	-2.900000	+0.100000	+0.099561	
-2.300000	-0.300000	+0.100000	+0.098698	
-0.500000	-2.800000	+0.100000	+0.099557	
+0.200000	-1.300000	+0.100000	+0.100774	
+0.100000	-1.400000	+0.100000	+0.100334	
+2.300000	-0.100000	+0.100000	+0.103420	
+1.300000	+0.600000	+0.100000	+0.102623	
+0.500000	+0.400000	+0.900000	+0.900656	
-0.500000	+1.800000	+0.100000	+0.099031	
+1.800000	-2.600000	+0.100000	+0.104911	
-0.300000	-2.600000	+0.100000	+0.099607	
-0.900000	+1.100000	+0.900000	+0.896827	
-2.400000	-1.300000	+0.100000	+0.098655	
+2.000000	+2.800000	+0.100000	+0.102614	
+2.400000	-0.700000	+0.100000	+0.103668	
-1.800000	-0.200000	+0.100000	+0.098927	
+0.400000	+0.600000	+0.900000	+0.900612	
-2.000000	-1.700000	+0.100000	+0.098866	
-2.900000	-2.600000	+0.100000	+0.098347	
+2.300000	+2.300000	+0.100000	+0.017840	
-2.800000	-2.400000	+0.100000	+0.098407	
+0.600000	-2.100000	+0.100000	+0.102624	
+2.400000	+2.700000	+0.100000	+0.010524	
+0.100000	+0.400000	+0.900000	+0.900294	
+1.800000	+1.800000	+0.100000	+0.101686	
+2.600000	-2.400000	+0.100000	+0.062142	
-1.300000	+1.200000	+0.100000	+0.098974	
-2.500000	-0.700000	+0.100000	+0.098601	
+0.600000	-1.700000	+0.100000	+0.102670	
-1.800000	-0.300000	+0.100000	+0.098932	
-1.000000	-0.200000	+0.100000	+0.099236	
+2.100000	+0.100000	+0.100000	+0.072751	
+0.300000	+2.100000	+0.100000	+0.100992	
+1.500000	-2.300000	+0.100000	+0.101594	
+2.600000	+0.500000	+0.100000	+0.103384	
+1.100000	-2.700000	+0.100000	+0.104555	
+0.800000	-0.700000	+0.100000	+0.102934	
+2.400000	-0.600000	+0.100000	+0.015559	
-0.400000	-1.700000	+0.100000	+0.099516	
+2.500000	-2.800000	+0.100000	+0.104591	
+1.100000	-0.200000	+0.100000	+0.102476	
-0.900000	-1.000000	+0.100000	+0.099343	
-1.900000	-1.700000	+0.100000	+0.098918	
+1.200000	+2.100000	+0.100000	+0.102093	
+1.400000	+0.600000	+0.100000	+0.100465	
+2.200000	+0.500000	+0.100000	+0.103160	
-0.600000	-0.100000	+0.900000	+0.963435	
+0.800000	-2.000000	+0.100000	+0.103406	
-2.400000	+2.900000	+0.100000	+0.098180	
+0.700000	-1.900000	+0.100000	+0.103125	
+0.400000	+0.200000	+0.900000	+0.900655	
+0.800000	-0.700000	+0.100000	+0.101638	
+0.500000	+0.300000	+0.900000	+0.900667	
+0.900000	-2.000000	+0.100000	+0.103832	
+2.600000	+1.900000	+0.100000	+0.019328	
-2.600000	+1.900000	+0.100000	+0.098263	
+1.100000	-2.500000	+0.100000	+0.103820	
+2.100000	-1.200000	+0.100000	+0.103799	
-1.800000	+2.300000	+0.100000	+0.098572	
+1.200000	-3.000000	+0.100000	+0.104878	
+1.800000	-0.100000	+0.100000	+0.103148	
+1.300000	-0.500000	+0.100000	+0.103238	
+0.800000	+1.900000	+0.100000	+0.101838	
-1.700000	+1.000000	+0.100000	+0.098871	
+1.300000	+0.800000	+0.100000	+0.042874	
-0.700000	+0.500000	+0.900000	+0.897513	
-2.900000	-0.800000	+0.100000	+0.098381	
-2.000000	-2.200000	+0.100000	+0.098872	
+2.200000	-2.000000	+0.100000	+0.025633	
+2.100000	+2.900000	+0.100000	+0.009766	
-1.500000	+0.100000	+0.100000	+0.099033	
-1.400000	+1.400000	+0.100000	+0.098913	
+2.200000	+1.100000	+0.100000	+0.102991	
-1.600000	-0.400000	+0.100000	+0.099021	
+0.300000	-2.300000	+0.100000	+0.101036	
-1.000000	+0.600000	+0.900000	+0.983018	
-0.200000	-2.200000	+0.100000	+0.099661	
+0.800000	-1.600000	+0.100000	+0.103422	
-0.100000	-0.600000	+0.900000	+0.899595	
+1.500000	-1.500000	+0.100000	+0.080574	
-2.800000	+1.300000	+0.100000	+0.098249	
+1.500000	+1.800000	+0.100000	+0.020206	
+2.800000	+0.400000	+0.100000	+0.103625	
-0.600000	+0.200000	+0.900000	+0.897863	
+1.900000	-1.600000	+0.100000	+0.104057	
+0.000000	+0.000000	+0.900000	+0.900000	
+2.600000	-2.100000	+0.100000	+0.104247	
+0.300000	-1.400000	+0.100000	+0.101258	
+2.300000	+2.100000	+0.100000	+0.102925	
-2.800000	+2.800000	+0.100000	+0.097894	
-2.500000	+1.200000	+0.100000	+0.098456	
+0.900000	-2.900000	+0.100000	+0.103809	
-2.100000	-1.300000	+0.100000	+0.098852	
+1.300000	+2.000000	+0.100000	+0.102129	
+0.400000	-1.900000	+0.100000	+0.100310	
+0.600000	+1.500000	+0.100000	+0.101713	
+0.500000	-0.700000	+0.100000	+0.102154	
+0.700000	+2.400000	+0.100000	+0.101592	
+0.500000	-1.600000	+0.100000	+0.102226	
+2.900000	-1.300000	+0.100000	+0.018010	
+1.800000	-2.600000	+0.100000	+0.104911	
-0.200000	+2.300000	+0.100000	+0.099255	
-2.800000	+2.500000	+0.100000	+0.097978	
-0.100000	+1.700000	+0.100000	+0.099625	
+2.300000	+0.200000	+0.100000	+0.103324	
-1.900000	+1.800000	+0.100000	+0.098656	
-0.900000	+1.300000	+0.100000	+0.099068	
-0.900000	+1.500000	+0.100000	+0.099025	
-0.300000	+2.300000	+0.100000	+0.099028	
-3.000000	-2.600000	+0.100000	+0.098283	
-0.600000	+2.300000	+0.100000	+0.098857	
-2.600000	-2.300000	+0.100000	+0.098530	
-0.700000	-1.800000	+0.100000	+0.099467	
+1.100000	+2.700000	+0.100000	+0.095796	
+1.000000	-0.600000	+0.100000	+0.064819	
+1.900000	-1.000000	+0.100000	+0.103666	
-1.100000	-1.000000	+0.100000	+0.099260	
-2.900000	+0.000000	+0.100000	+0.098345	
-2.000000	+0.100000	+0.100000	+0.098827	
+0.000000	+0.700000	+0.900000	+0.900001	
+1.300000	+2.800000	+0.100000	+0.102052	
+0.700000	-2.800000	+0.100000	+0.102904	
-1.300000	+1.400000	+0.100000	+0.098960	
+1.500000	+2.400000	+0.100000	+0.022762	
+2.700000	-2.600000	+0.100000	+0.104434	
+1.400000	-0.800000	+0.100000	+0.021279	
+1.700000	+2.000000	+0.100000	+0.102477	
+2.500000	+1.000000	+0.100000	+0.103275	
+2.300000	-2.100000	+0.100000	+0.025031	
+2.900000	+0.600000	+0.100000	+0.102944	
-0.500000	+2.200000	+0.100000	+0.098909	
-1.700000	-2.100000	+0.100000	+0.099028	
-0.800000	+1.600000	+0.100000	+0.099028	
-1.300000	-1.600000	+0.100000	+0.099205	
-0.200000	+2.900000	+0.100000	+0.099181	
-2.800000	+0.200000	+0.100000	+0.098391	
+0.600000	+0.200000	+0.900000	+0.900705	
-2.200000	-2.100000	+0.100000	+0.098762	
+1.400000	-1.500000	+0.100000	+0.104011	
-1.500000	-0.600000	+0.100000	+0.099076	
+0.500000	+0.200000	+0.900000	+0.900679	
-2.800000	-1.200000	+0.100000	+0.098433	
-1.700000	-0.300000	+0.100000	+0.098974	
-1.900000	-2.400000	+0.100000	+0.098929	
-1.200000	-2.000000	+0.100000	+0.099272	
+0.000000	-0.600000	+0.900000	+0.900000	
+1.900000	+0.200000	+0.100000	+0.103063	
+1.700000	-2.200000	+0.100000	+0.104610	
-2.400000	+2.100000	+0.100000	+0.098337	
+1.000000	+1.900000	+0.100000	+0.102016	
+2.100000	-1.200000	+0.100000	+0.103801	
+0.900000	+0.400000	+0.900000	+0.900793	
+0.500000	+2.900000	+0.100000	+0.101203	
+1.800000	+0.600000	+0.100000	+0.102843	
-0.300000	+0.200000	+0.900000	+0.898742	
+0.500000	+2.300000	+0.100000	+0.101345	
+2.500000	-1.500000	+0.100000	+0.098650	
-1.000000	+1.600000	+0.100000	+0.098979	
+1.800000	+2.900000	+0.100000	+0.102440	
-2.700000	-0.300000	+0.100000	+0.098481	
-1.200000	+2.600000	+0.100000	+0.098633	
-2.400000	+2.400000	+0.100000	+0.098262	
-2.200000	-0.800000	+0.100000	+0.098758	
+2.900000	-1.000000	+0.100000	+0.103896	
-0.400000	+2.800000	+0.100000	+0.098741	
-1.900000	+2.000000	+0.100000	+0.098610	
+1.000000	-2.900000	+0.100000	+0.104240	
-2.600000	-1.700000	+0.100000	+0.098539	
+2.700000	+0.700000	+0.100000	+0.103519	
+2.000000	+2.300000	+0.100000	+0.102655	
-0.100000	+1.900000	+0.100000	+0.099615	
-0.500000	-2.300000	+0.100000	+0.099534	
+2.400000	-1.800000	+0.100000	+0.025907	
+1.500000	-1.900000	+0.100000	+0.104409	
-2.600000	-2.400000	+0.100000	+0.098528	
+0.100000	+2.200000	+0.100000	+0.100385	
